$ANSIBLE_VAULT;1.1;AES256
33656537626662333130646133386134356265343736323262336164376366323662383738306634
3635373732616638616639373333313630376164653766350a343466316163303763373436303061
32393432623837373361636535346532653461343762323939386331663865343935343635383864
6664326237633265370a393630303530353064323065623839343365623165656166656664663133
62393166623266613761343230643264313132313863646335663635363633393334303165373531
30343930346162623864616566383432323235316530313335333034613730363962623366656337
32646535653937643838373961636363646332343861356537623662343839623264643035346162
62616134613932613739616432653737633835336336656134303161303036366130303537346663
33663739373564373237303934323334313936346431643234313561386430623938666435313465
38306532383964616363313939343564323565336461303365343837316333613436376431616333
63656339353638353035333238393836386230623063343934616636353935356432353835643238
62383266623962313530393031636566623432316161393666643634623664316233326461643861
35353433303830376165623464336337663964626334633935383364663133326431333837336664
38336262343335326364313239353765323961353334643631356131653364393132386632386333
32346635656661373865386665303830653032376563373331666131323236303861326264623634
30653732346637666562653333663862383038656637646234623432656232353736666364613862
63633836393164303331623835313965623430643861343534626633303030393530353237306166
34336530363130373731646364633061363638633839343731623165613137363164626633396534
61376639623430333431326262636161653532653137383636393865306566636630306133383837
32653131326135616465306364643234633563303663366537626436343339333832646663396363
61393662646133306334396337616538613635333231393462656665356138303231393237613134
34393361343735393335326363313431633034636538643866653235643165393330646464633137
61393430386565363736643937306365383736393334366337613632616130396234633162393234
65643831373334353665303565343834363534376636623538643865393837633132633335663731
35306665363130656631656263613965303762333962336261343738346538653230636438633266
66303565383830653937646137366431666363383932636637636234313263663630356233376336
63393865373963313862303138356238356164633066656236636536336261326365333063353162
30346636373939626130626162656633313964306433383065353632323566343838323165623264
32376665323762623564333338663839316335326365313439336235313030353639376234376333
38656130646430326662653035336131313362386333306538663839386634376562333733373233
64386433646231353432656264653337356435656230626634666530346462356362666134666537
66316465373638663865613062343135623366343766653364656532356331323864366436396366
38383363393236663434633633643030663063326137343731323237643234326464396466363135
31313639336466346364663432623465386463353139303831343132306132313764613539613534
31376233373336393866383131373533666332336533343439383533326133623166353134363061
30366230356230303265366530636139343734393464633739323138393639363266353233373862
30386166623737323861613930356661343763373032386364613039363165343665386161343566
62366536636437646532623563313462373636616139363033316330383665396264363437323565
33626161366636366532373436303935643066346466383632306532626638373935306137383263
66353965333761336634323061373535646563393631366364333739393438643131656362353866
39666138326534363238343536313463626330326534616536393839663230303962393264343166
33613137306434326131336232336630646464316433653966306337653265643935383037653536
373934633561623532663232343463613833
