$ANSIBLE_VAULT;1.1;AES256
30343462373630643330646434643666636632666661393639386635383962613265643061376531
3133343766616465323436363966353833363166396434610a356462313865303135373865626234
64663332356233313333356632643839383136313030316630396361306364363230613034626665
6532353438333562390a363736353131663964393436366263363236663333373632353661643434
31666262386166373864323336336331376636386532333566613833393465333437373963666165
66323465323766653732323264663965346632316338626265656432386266353834636233646264
34346639356464623765353665386330643735326439366433383033343238626630643538353163
34646164653539383137633266393862353966326133383636313432313264346366373231623134
62623663363536393031313964383739626330353935333766333339646534636565376436373639
30393334386233373331653037643036386564303164653532666538343431393964333766393939
32633166373366383831643664623765646362376264386439353838343533376165393763646261
34663533376334343265633036303464393430366533393163343137613531363336303232656137
30363230373839373739343032356636356562373133653065656633383766393735616539663631
66313437323031376532653963356333653731306331316338313832653438386138333833623264
33373230323634643135663230373733343765383733313139666236316539366565313036343963
33633263393936373964
