$ANSIBLE_VAULT;1.1;AES256
65653362303838313632303330663432643337656135353938366235616663333730616131613833
6462346335303764383939643264643065386464333462320a393137613232313138346139303231
32376264643836363966323335393033636636346133653730376631653835646163383532316266
6132393333383838630a626634666461623137373436353863343134323565386431633031393936
62386161323561646435626239303361373562306432663335373832356538316433303663383038
30616439353465623865643135333665353965303665663631653935643262376463326337643062
34326634313038353137396437346530326366393633376132396632613131313263656232626232
65373866616461353235333565633866663938323535643730363135353034646636653231396335
38363030386331313738316234396339653331613135353965656361653431643234636639326136
31646266323764636261626365623864643632333339633937373438323133663866616530333161
66366265653565636363393630316539646136306630323162646533316465636662663036323964
62373565643635623162313061333632626431633338313339366230393038346362313463366261
61366666396164636138396665633732656139353735386666316232393061346637613336313966
34633232663037383335646165616437323965333264373135356236316164623436363065386534
31373264353737313931303136313462353132633765363764623236663331343330333465313138
61353338376533333332336565303066663932643531666637316530646234656162356139663362
33666238326161393066313438663434313335366130626439373166376633383266313537386563
35383637333530373766653834613734396361303532633262333561353332386461643266633932
35393461346231343661346432303931346439326332333239633961303065346532366435383865
62646163663334343834343037313435393635666237333162643664643766353338376161643435
30306265393632313036313731363063633436373765316239363337363164326338636438373439
36643035336163616539623734313663626330616335303231356536613234323561346431356466
32396165323137623839336337333735333766656238363566303064313361623161633734623066
36396437323463623762636630346537373066373236343031336539616236663335353737613431
61376565636463666439343135353035656637656637623838346566613437666136
