$ANSIBLE_VAULT;1.1;AES256
31303639373363333135303033386363353732303739363433323665373965383165636632313030
6436383630623131326362393632303235616133336564380a616466356539666435316362363132
36653163376438383431336266613461373863303135353861373064336464306234326139636363
3062336534373564660a306363666132653061323136613735663064623934393539613964346466
61613762613932396339363033663162336463666162393933356138326565366634643065653637
35636164323965303632393662623935613030313435353364376235616133306637613934623233
30376134343739363630643430396130346164656135306362376563373435396662326430303361
65326633646535313839313862316265626134373232366335343765633565326262366431346531
65313263346433346535323233646439613434383337313864626236613739363431653631396335
33393538393435366363333933376237643465343363366432323463363865343339336536313238
34326136313166346338633934323537663063613438616338633861623333626633363264653232
61613836336338353933313036663039623534373863663762366664393834636463393036353661
61616435343230353036313535396465663662616335363665346434333232303662356363346238
35353332616135376334353533643333343732343030356162386361303032343934386538353637
34346439396335653932396639663966343861666235653734363537663764663730316265346638
61353530666462386466636436666230393438306563633532353665386163616461646631303863
30353737333335393166633463633763383930366363636262636231623331666131393432373431
65623030393733366136303462623930643938616261313061303461333533636232373839386333
33316265303231313266373065323137666333356130626562613036663336363362636631383561
30333337366366373532303432353831326562393533656236366265306530663636653166343865
63316130626164363264663534646434623866313262333935363932326137313861623334616636
64623439383164326437366233613363373861396565333538613232396130383636303565303537
63396666336531646336383138373965363039333936346539313963613165613435326139633561
62633162376535653263393963383639363463313364363837326162393734633164346365333833
62643435316563623761313632653137356630303862613564623461336534336234
