$ANSIBLE_VAULT;1.1;AES256
39396330366262386462623739333763613164623137343539303961613464636231646162646537
3937383732363032636164313438616339613461313932310a356365616231373062363761653131
61353237386562373035323665336438663834333430653434393134326630633736653235306365
6131373164643133630a363164326364346465363839373132343261613234616138373864313062
31353337346639363331393565393466646130613165363930303730353738643766306430333162
33616466383432646331393830313862363832633239386232623234633430336361396233363938
30643634356164343865626632383038656364313833383534333162366435313662623430396661
61333639323333373036363137653137336531396161366162316265646334623436323638363137
37366230613764346436616332386234306432626432363864373136346665393532336364373662
36316437366165636330323562363365663039366336376432303931323265373461396535373733
61353431333962643237656430613234616434653136386336396463666537666464633964316362
33376430633230633032346566373664393062623566393634636464313033366632613263623164
39636661323933613064313933353236396634333561326363363438666562663062376566313637
31653161646534623538633165356664326465323837303464393266306138383335643038653531
33336466626166303063643133623034626637386131383161303238363161343333306631623331
38656133396639663261613333363236373262356133326137323530656135653462363632623462
34623731343931326435366365646437656131666534306330313131323433326239396238656231
32663135393039303639343465346461383834326635386664346535366135346234336163336134
65376630373238313136313735333466643265623230346135346264303631316363353564376532
34643436313837363635633537376235643736666330666262363336613339303033363634613431
64396539326661656463326234656137626464386433633062616430636638646632613565383335
66656630376230303364633062663463323431383661303565326633353865366631376663326365
66353334356234343434616163666435663639373864623065623936633765346439616162373665
61376465323036323232666464613732623265393131383632373835326532353134303266323437
64393034366235303036333436326262363763376361386135626133346465326634
