$ANSIBLE_VAULT;1.1;AES256
33633037306563353238666661666139366665323839313139363930663734353061323465326262
6463386533643065316337336439336333633162653165380a623537656330336239643733373064
31353536613465623537333466306634313032356665303130643830663738343832316336336264
6662313337626131660a646539613830303538383435366238376634343661313137653065636164
38353161656335386634626338333938336136376531343235323136623263373763623262386461
34616666613532333830333539386631343363646636323137363838373565303836306535346138
34626637323165303233363834363035383038396336333961653436383964396161353039613237
65346663346232343263626138326262366237353962646334303235613366363937653838623561
35366261613131393664366432646663346339343537623637346333616664303361616465396133
64623634636333616363353132303261623861306666653538336533373338343930366337383032
33626133316237363439346236396663306435353431333965343239383633643639323231303263
32653030313264323837646433663931383266326139323038643763653536623533616634353866
32336565363165316436613465656234326666346134343062656237633064306430613763633362
63383234386565613236316535323330343530383435616139353465663636636636313861653265
35646439313064646565636437383030653432393366336333616361613761653763643935636534
64393235383137646466
