$ANSIBLE_VAULT;1.1;AES256
66326435393464326435643634383530623031313066373536636263376464373831346633643531
6130626631336233323030363431353336663038663535300a653032326666666339663461636132
61616466626330306262363735643930616263373937613933396262626666353336373566373563
3865323063306131350a313662356535633630663632376333333338646239346638343534653562
36643033353932306363623239646263613265636132396431663631366561336534306233343661
34303930653339653330393735633530643432383262356162346539633539633630626637343834
33653566623533623939386366663230613866653234393661633134633365393533313166313365
39333537376234633262333336383035303866313565303639356230623362396234306163656466
66646464303864353534643333323630656565623463313935623933663532356530616339623964
33653834316131393761306236626636343362656631376434313665333034363232613138666432
64633062373536663834333630653231623333613032616539663363343730306534326633373336
39356135626663393537333061323533626466373232633935663033373965346463333165373536
35646562316134366535343739363433356139386262366538313332663865353736383939643835
35373434353064626434633761623261653464653961386432363633336536363062343638383934
34363562323737666631336163326232663031613431653032363335666632323566353335613366
39393935383731316330303638623335383666313239633630373361343532353439656139303836
36363136303731623938363265336333306335663633313162353437353335353638626638653536
34666139383166346164333031653234343933363737393062373933393134633366363061613637
38373566323639373935373930623138396464653731643330313564326238316433356461636537
65383433396564613134366136636262323638653931666666363632323432663532353665326664
36333663353362623965383631313639316430623331376161653331663738656437653334626364
65303035353865646565656633376132303430663533623565366363326630376639636630363162
34303032303739643233663538343134316237353662363565346166613036306661336237393066
39346261306237353535303238353661383632343538303863353564636266313865393336306537
35616434313331303466366262336331306232626263376632363630383238646563623836623062
32373265613333323533613861616266323331636638643932653566376434643337373235653037
62636538613566653564393433613236346130643135393465623034396265613738636332663831
36313833326437616439323233313033336563646332373762323831663263333238666139623764
32326163373932313963333631333232393936326334623366636134393731326131353439616535
35653931306539653762663834396535363063326264643130373866613232356636356438313466
35383066623465666536363135613630373763303736346432376633336464353965633837383335
61373466366431653334303062306635313330313333393533346636336462333338663666633732
61656638303934313831336635363339363665386332653131333935633039313564623061373637
32663161656638613730636132656135653963323837653233323635663335343336646530653532
32386133333538376365363838356336373964636434366261656661313834316336313432393562
64356634346433633764323336613337643733393462636335653132373666363439333134383066
36636234396634393736663563663763636462623565306538346433633238373436313266663566
32396236653331333763643434356235363739376435363663383361353931393437626562373638
61626662313734346232366434383237353135613562306131316361356230393638316439646265
33633563333733653631366436626431346463333564393831343239643130636432663835306539
32353031303633393363313433396564363634333037373931633239643032616431633062323034
66346636626331326135396437643136656230643637643963633332306664356564613735623164
39666338643737393966376661663333656562383962363136333330643839353636333661616139
65396130396636343662636231323633356361646566336239646331333861396639626136363031
62333531373465623637626433366236393237633066613661346264383534383463356637643262
36623937313763313562623836616266366139613264383639646530656537356234623637633130
34373639393062353931383862326431363764353261313161663635396561316161666431373436
64633164336532666534383531323761353062323231666332353432336563653131343261656338
62373066613230306131333066323537343862303335626338386339306461313632356237646166
39656237363134393732346430616535316235313531373332386536646631383831383561666266
34333433633930623630383837363330613832636563363864323431616563343031303431333231
34663830306130623938313164383463373963393935386538323939383935396532656233363135
62393362653636353834623461376363663134376630333634643432643839623539383265323830
63393164613664373337393631303838366539316266323564396537623064653039333464356666
39393436313433333530356530386534643934343061326238643836363764316436346537366435
30363835356337613134363463383532633537356233373034303438636531656638343531656335
30303061626237316633303861303835366239343334336261353133333439303061323430383261
66653435353762313934666465653763343561316661646661643337336564336335666230653365
38356362386234643431383338346637653933386561373162666633656338383266343337643439
31303634623662383232666562653863393566386131363239333332306436653735366666396263
64393464366530663263343765366635376363616232363263313932643134393961386465396534
66633433303962623265323930353762613732313239633162396232303135633439653861346364
66643161636335356633356561633338396238363063346135363666626338366234633736303161
30373662663762636435373762316461316334376339616132353835383238393338333238396265
63363339353335336439316439323866633466383033303632616466323231613237326461353430
62316265613737386665616435313537323339656238643732343836646232643936306438363233
30643038333537363830636564313937343362643332376663666539616463663334353831383435
39373938306261353035333838393033386461373034636663366635343535643566313061636665
65646234333961353531343232656436323865623831623938663539376138323337313061356364
33636638366264393039386437363461333137613462333331306137323837303436643738613933
38623235633363333161373861363238343634316235376639323738343538613830666439636634
62333562333165613965636531333965393431373032313331616333353738313537333532303765
37623263343663613438346564333530633238366434643765353637626338376134376162653639
64363030653438353630333463346365376463353665653939313662646339333730396238626565
65646165346136383966623766356665653262336337623862343838616261373766656135353738
38643430316363623133366534636637623630663564383935653631303435343866393632653136
30353131373531616531366538313930663165373134623963613131326163363865333431323965
38336236363938626138376235323764613337333466303035383534653434396330316534393665
31623766376634396432303564613564356332353365653830386339646563633566643436356632
30363834643637386162313034383463663264326435326232353739303533356566386632343865
34616164623135666139633563643431363266323037383835313534303661313331393261393864
34326130326230356638376432343536666430323532373938636465623262616137353062313961
32613531376664386334313933646238323632303938353538323031666239303438646136373366
32353562316239363338363961613837373234636134623733616661376161656161343430396564
36326431626562643062373065336562323331353561376438663764663862336531373237666534
39306336386131623961383033303134323439383434306534313533643130373636313638313161
61636665383262356139646432633266616632313232386665666666376239643839303462373138
35306433366138326165
