$ANSIBLE_VAULT;1.1;AES256
61396338303033333434623138626331646163633863373135653537346338623266326531383837
6461356564343733666533376234613033396231373061310a663963376139363066356332336161
65616233393063356261666565346137383764653736346130633437353964313537656339326135
3666643066373632320a393935313165346337323631346539356161346364653431633934363936
66653136373532663339353031623264626230663432613039363062336163643265343866653830
34336638343039613831626433336164653734656239613136633434636461656563666139316263
63323562646234666534356561356661353835363964376339656331306537376465386437623865
62376266306330663936303730323764376638346233623537383533613130376566326261333635
66303232386565303937373635396564333138656662663433633966643131666635346361653633
31333535306633303033316134333230653366396566383035326131376162333061313034323466
30313037303236343138366634333633383430623836656331636430646565343935616564663965
34326464653736363365303133646264333562623336666634303862663061383366343337383835
31666630636537636136643432346337353366613636646164343562366339323439376634323665
66663762666533626235623164343331613364363734353234653532303562633163663363653865
61313162613763633962336664306535613739613635666634393835653064316330353566353866
32313736373432613937363361643230643238363166633135623539336163633637623536313766
66663662356236306566636232663437386633343732616233363836373839653461343237306336
64663232303033336561386663616138383435626335636264343738363764373339363663646463
37626530363236343232663565663837613362323636643334346164333264613439646565636534
38633763353834356565323866663865646435343761366537613437616631623266323733333065
66383834306537343665663439373534313639616566303635373061383936333139323166356235
65393730303939366361353737376564663264633434623262326439373030313731626166366536
62396665383735313837633262663061393562366232376336656639653965353064633730663361
66376563353361353665643165393266376163643537336336666434653230333039616430343135
61623434383265303132663431383464363531643763623834326666326661306535393866316435
62373061663961656365663961623438623466343939356438663336303266356330643734653062
62383130613964373139616163303761373537626439373736353631353063393637373731373665
64353934343466636363643738633766656539343832383364613434656539383137333137343861
33336138353161623762616163616339363863653236666332323630343531663933633364396164
33353230643034306432333431666334613832303733363331363265623734393836323863333839
30366136313831353730613730626234346566633435633434383235623034616464353237633531
65363831383366383439656536663464616361373132313936616365356438653537343062323039
35636664636264376637643138333864313639326238326262353839343031346533613061326533
30626238373864656535316334393831346539356162626335623964333663663662333866616362
30383337633239616636383230386631363831303964653861326364623262643131623935323931
64386261633430303865346263303666356661353734353837336334363163666531373838646331
33656233653139393937653934646435326164623563373131633239393236616433306262373865
39636236383965623862663463663230353262386163613534616332316364376365643233303364
64613132353535303864376465633631633632346532623737346234366662323666343537393461
62363865656237653332346138393966633364343637313233313238616264636666613865386331
66303061366464653432646661626663326539656131373935623935313733663432303432636537
39343436333662343233643434333864306661383337363537393765646132353330306230643763
30396432646634383730346632663362653633326532316366393835316438653363323266636166
30373137366436393366363166316337343161656663356439396365633139623335626230303162
61616339643139646536356263636639643363353532333736386363313532636265373363366233
36666666396232616664663163333136383932633231343335373533613538373132373132623538
66353064363964393230316235643532636435636263613536646161356233646332643664623862
37643439303166373835333065313530333763613136636336333836616163383936313030313535
64383238666336393330336637656135653366376630393335393164353361363862393230643436
61343864663831613830393263653164376263343036386538656233633766663163613634326465
38373333303135643530393736643861343566336234373833346430363837383333303762333464
37396461386164316363333564363163333261353532363863653166303264323763633238653131
34393138316136666566363233643131623534633538656566653132326561383733356530363535
62663330663538383638306135366333613961386338393536343162663766383831333834333063
65316133633331653933306365336163626163323237333530643564623838353238393961623538
36643734646232393733626461313037376166363863623365373934343438366363383339653763
34363362633532626162373839323161626630323739353739653032613563313230346166383732
34396161623334643130313564313034343532653962663461653466363432383362306334636134
39326237633564373265336536636466326333313063363037336231373835353330643661313661
64633166363733333935626537303333633262396439613539326135363130373962303731636337
35643839643164623661623732383361613463313037666137613261643635616566636231353931
66666538663638666466303863323863376566656330356361656234623763663632666563336637
38666161333137643062323931613266333334363639356630626663636564326539326264316261
36653161396164616562643837323737646532643961356437666564373838333463653166333436
31333562323339333563333936633662366439306264633861386138303463653462646233626135
39383566353538356138386338353935393936653966626132396562323036326239613638653335
36353166326336333862383930616235656361623035646562333264386237313566353730376439
32393433376631333233653938636166326338646462336430663266336366343662323362303238
64356566646431323031333137396330626465306435383163336466656330346532613761306661
36353734383632316466383964613166376364646332636235636439313934386461613832316436
33343132313662323964316364303563313839303231653533666131343330653537363836313535
32303031653232663134326539643031316237643737646134636333363935333964653138333736
35383030643761336330633530656330643633646334303239303638666563636433653533663933
38613536623733653962623262643732383561623733396334663338636230613164336638333936
66336130396665636438616539303665393465343135356532626638363531313538633736303038
36303461376134336534373463343834373539623434613738393539663464646465353065633830
64333563616536643663353633626561356637343766373031366166343734376661386231643835
63313935303961353433313333383031643661383366323539666366323737633638653964343662
62363830386563373632663633376437323166373632643761363065363566613836326366353032
37323865393765363261623230306265623362336263306337386438616232393662613065653930
64623731313663376232653733376532663831393133663665323035373161346431326532386234
62383938393266613437363537346537363563376665636539663934383236376531613831396635
30376330646364346164333266343461333265343165323638343964633334346633616233373064
35613237633331313738656636383731636165626162303535396133373265303630336262363137
38313638666162383232626238636537326538613838653937366264623233663639363166396661
62343133623733343936303936366261336131356632656161633665333361643737653431613561
66363165326661373333343764386563356266313364643762613866373833396461626663636237
65333331313134343131383663393435626664646633323463323962333466333232386435326530
66363535373063613434396461323566623863333430313932336435666136656636393736653339
38326336633734656134633163303965333736316638623735303638633837643534396531376431
66663566663861646138336461333162323663623866643362303631363734366337363230326532
62646536613434623837323065386536633337313135386333326666323961643564373133373062
36313163376563326166356536306232376339643334373737326533356336323932396133396538
62333138333463383065613338363137363062313831303234303136636632613234656438633535
65623562363062663264363461313439663665313535343837363730663762376137656366363361
36316236363061623565383734303462343763303037346462643766393264643965343233633538
62626363343831366565396230626163313935656132346238643762313662653335383765356162
66336335363037343138613437613937303632303065306537616164386364363564623965633031
66316135653662303630383032323139323863396564323465663834316631323635653837306231
30643531386535383031303531313537623463313637366630356334613634363630643531343031
34376635373332376664366131343831306233643963666464333634346135633337623734353330
37643262383863363262333862336639656631663436643364633639356165336266303366616466
64353539333461643031383762643162386433313334363338633265306639633462393737623738
31363165356665386263633265396165373834666563336533396636313732616237353366653562
30386136616663333131376531303538363639356335663435643530343563363236306262653330
38346233303231623564663535323862653837316263653062366161376437613531363761666561
34323766303938333634363263663161336339626232626235623934653965356432303164376430
30656161326333666164623730646464386337666437303534633437656131356432333336303265
34633461666531383061336139363231303237326164643838373262393030386337323637373132
32313837373738303237316464633764313165663437343066313037303266343030336632323264
62373764393062313533636465653834396261336638616533363361333230336339343836663030
34313138636230373836663737633032313237653133376330353366653135623135373438336432
61333965343366373162626137373536646132383963366232366466333466616339633965636665
34363937643564643630623635376131323364303262656537353463333233346136653365613537
34386461343730643966356631616565303337393665663230623037613236653934363738653436
62643465653661383433343734373165313562623432396334653063633631326532313038343033
65343932363533353630626535656336363262363462633035623963346364363537643539663937
35356333616363643539333133346662663664643763633466373630333866333765363061613936
36346562613333363133623332643139373463613034656162623665333036646661656636323163
31393761643162633238323764313361646332626636656533363539653563393963353733663832
37656337663131343365303564336632306333646535393237656238646130336561396264643631
62623038316639383433353934626532363162613034636439343731323234303638663730373731
36653137333737313166616566366630653638363262343634326231316234366132336266343563
37306239393430303363356163313637383232613737316362666639623061393930376330643365
33383138326563393031303135323165633037656331613233633930353663633264666333323135
66346662383565356265653432383635356533326566653437636662656638643936303339326362
37626235653462353162353233353264643834313936653630333634383238366534333662666362
32333263613431303661333930323434343234613837313265313232376335393464626330326536
66303139663532663766313236613138636563363033366666366332626237363866313339333334
37383235353932366135613336643364646533316237366131636461383833663839326439316135
61343965663233366162643432306632636539616539336163366636373964376464363538663235
34623465666163316138393735626233313635393465353962613731623036653435636231333738
37356262373464326665646630336639303863336561353833383338393431363037303834663337
37383535373638343037306331613030616164373361626564386263663138636236656332323437
643562633130396232613639343234346535
