$ANSIBLE_VAULT;1.1;AES256
62663938373233656637623238643633313263666334653666313263343438333566653365623163
6431393866633534383336616330326164383861326539360a366165636465343961626439316461
37646462326636393736356663363662356263366135306164646261656430343362316435306665
6465633336393262320a316638323732393466316263343735643238356233633863396665336661
62313630393937343164316134656666336231626535353762363732663034613333386635363930
61333737356336356432386365626662373337393939663530366532323861343831343735633935
34326332346265313130393038653236303461633565343633376338383961653039646232353134
30393136303531623164626563653262353231373635623262613738626666313263613161306537
38393630383638356339616562633836653363343137666230333230613839353464323765326631
38623635376664343930623639326264356363353934633566326262663261666166343133616632
64313436633130623738346166356432396639303131636134323861333365346233626633663633
61396264383835373033663135623734346161336163356565376661393330323962373963653438
65626235326462303437363438323536353963636630306233366661313761323837326336616135
32343864353863623336626439643064633537383362613837323536366264643831333634663432
64363766653337303336656137373864393638343139323635363366333463303135386531616166
65316337383066383135646332646136636166313436633036623037646164393866313630653231
33626133366138353966613338386235646363363532313465366462316238383962313934356563
63623239316365353932366636656338373536326563636665313063396562323334376230323639
38373364626139613735633237363464326432313930366230373239316437623335363639613331
30626637656234626238613139343636653062386464333134353963613265363639353262653166
37393538363736393238393236646663393235393764643131386566373235303730366265363439
31363962613139626531653636336365326536653163616634343739366232346166313934373064
36383738633335636437343864306435383464393832653861666239323635646465323037623363
39353564663863623265303464663234306431306432636365376434323365653436393830333364
38386533373337373364373665363464353462363933393134373964366663613766363961646463
34633862313739616562393666313938376662313430666237666462633137373937373631643035
64393637643539346535323135626234303964656134643966343062376132666131626633643364
32633433666163343739316162633035393237626162653934613630666339656639346630356561
66653064333764313439666564356361323739323537313536363834353637306237646232653633
38633234343533343535303833316533353466343739373338363539373463643464336338306665
34313166343530376361636231623637373035666234313934323663336363646664633331383664
35386264643234643433313534313766663339613735666666336261316363373830383630313239
39333735346232306462633937353930353337616364623131386565623335366466663464663435
34346536623130663763623134326335666466636433303164356663373130363335623437363438
35396263376537373937633761636232373861613731626463323565613761333839393835323339
32346131666339636364343831366534306265643535306565653937363538376632643336643834
37313834346537633634626438353362633936343439346136666661646231326266626634316235
31663963346231613134643137336666616534373730393633346238323139636464346166363964
38623262313931336165363133633561373966316661363737326436333131346639373662373761
32333165336262366539306630626532616330396431633265376632396234343435633961616232
38636437346433646661663364666433643134306638663635623137363165616130656231616361
35633336353266373763376137386661666562353136306636373361353065343335323039363135
33353436653436623638373239366663316437326332336139386137623835633332623231383566
37353863653062376461396562323861313636636664383438383361633830336233383133373065
33633939656630656131326163653738336363663536356566303066336136323261313262633437
39653266323763356330393766663762353435633237633632383439633831653861363830356438
31323534366261353363643135333265396633626537396432313532653436333334666438633263
31633764666166376532306561383764343664653730346638353663393236396364636666616632
61646663616563353366646365656262333738623338373537646361653636646632303965363439
33343833313865633062326465316566313735343066613230623162633363653133646531633536
61333466386162613165383631623835326131613832626137353631613230656635313935336431
32363466353435633162323137663136383664346537613233326530623935373466306362326334
65656330336539306131373133323436336338616535363164393930643066643062323830356263
62313838316637666261366662646633346462346666613133383539336433333439313461323835
65363466336364313730373431386534633834333430373732383230376363363831653630303734
30383839636536383333303836303039326235306232373436613361656233663139633037333564
63343930663638356539633638623439623662343961616239323537336338663230653465393339
64386563623033633761336334663933666339636662623131383730383334343737656131346463
30313433353534353666323438613066313637383238353631373262333139646339393537633039
33333163396636363665646239383233306139396438363630306232396534336130666334373537
63336436636262383034343130613732646534353562376538303231333566353331316636373061
66633063643833353138346462333531626562336132326434303934346163303166643361343766
35323335666132383461666638333062326161663435636564386533333238623765386135376564
65306331666336613836646637643564633262316331346330313136386539353964313164636561
30313639646630643933346138343764643034623438373162646466356331316563346539356362
30363835663766663930383038653833326166653464613533653837346633396466386465323463
31396365613631623737356261353161623761336266333165663932313261633461353336313665
64383931656136313665613433333334316362346532343865623135636563633032656132623337
34326637386665323166616430343332303661396165633361653965376164633234613338346531
62653864303833323036646162633066356532386461303163306364363830616432626234646436
30366339656432666463303835646638353533356537373836633139613261666438353738643063
38353934303136663638373436316534656565373864643462373736313766653235303834343134
32666235666539353130363261303262356433663139353831383833343637383332336235383131
34656632313263653137646331653533343835643034333030313939626639386264393037616232
30363431316538326137646239613863663738336539356265653266326532393030323966353662
62633439376637386561313164636136653238336561646264393962393037646538623064666139
39663136396433303862383132616462376266633134363961613438613164653365316334353166
35386435363935393031333461323664633236373366393335343461383163633235343135386133
35636337346634643762383031363966303236386635323866353266666238613463336337653662
63313432323933303233306364613161343462613431313630616330616264353636356236373638
33346332636431633130366333663463343238356161386662336535303532653063666339326461
62393736336563346336626139373237356338356465653233393535633430356433616435633330
64383361653435616439356166646165316634336536356566316333316163333835646166636366
66396464373734633065613962626162646165656533303837383761393634343261396636663738
38636133633136653037643635666631336463346532666266326165303239333465356162656462
35383930343439383331396535303565356138323065626235633262393834666264623731363866
37393438656161376633313237616536623635656461303936633866396266306133356438326436
64383030316535383864353464643964633963383865653034373363653736313037303265343339
6163
