$ANSIBLE_VAULT;1.1;AES256
65376539636434356639613431396532663831373338663566643938306433343630623764346162
6161353934336331343235633966643530363633343763620a336331363063616664383232333165
62373530653163653530336632373531313064656139326532636130383437333466336232393733
6336663661326565340a623639343061346362363134386436363737393266303239373763363331
38306563636534303166663233306263323531313466613931373435623231316363356138386137
33336139643137363164383233633735623265613930623436656138396432653531303334353132
61376165663135373434633561353637653330636631396363396565636361313836623465623464
34666561646531373265356438643266653964666366393262383834653662626534633237643234
37313863633638363439656234643964383638656138346362393163373437613463363331643863
32636537313533636663616334653664363166373931303632326362386133333730376438393037
39383266346262666565326439356137333934373061393638343038366539643130663861336237
61373733343638333932646637383233636262313130646533666266313730316138613462626631
66343064383830613861613936303939633232393932663132373431383830626438323066326533
31363763633566363236353339333439663537336562623262383265666236633233666138303333
38306631336637613461363964396636386333656665393163633338636261366265666661663437
37383134636665613233613337326362643063343662303231663962393432333432373165653032
64653434313337303764656436353562306632653738393466353932326662616235313765663231
36393363326437613862343865663032633930383830306633616333386366363261623535623434
35353431343736363437326161653839313561313963663261663939373730663933636131613239
35626466316563643639616638353366626464623438323637353564373466376466376164366632
64313733386330323037626532316462363464306137656161343536333965386334346265363735
61386161663963376632636232306331663136333866663862653730383039333962366433343133
64616638363861333938343636376466616463663935666234313266663461346263316361373866
34393836656634303264333231333230643131353364336232346236376333633266653533656561
64303633316365373139633230663761663934636137623462313865343838356266303439653031
61636439383766613136376636333432613265386362393431373461303830343630383432383663
64346137326666356230326537323461323362333331646630663833363131626437336337383039
39666331626432636430386532386564363038316236363237616462313037313038313062663239
63353361353138363566613561623564343235376238363834636666323164396337656135393338
61386134393439383766323666643163643136393565316633303033343764333035383934303436
65363236666162303737366138306539323465623031323930373639363537393331666539613039
38353263656230346563653136633239616466373761663639306634646238333634353236353730
61633862646562666631616166313830313535653636326562663339376238636136396637363232
35323838366332326561326662393561636166366464623839323762333532616563636130356135
64383035613930383636353538363931396163376233613436393765616363316233353266393963
66663734366162626361636563616265616238646561613865313436636637363035393133353533
35613137613538613966333335383265623531633637653863336138656239356630383832353065
64313530396534613636316539313534346464633439316134316161643436616163623036636332
64663864376633353565383362663437306433663633396166646639653839346333303834313037
36386363346236656564383263376462653832316263636637313766636135343836333732613533
62633432326462323966333436323635353566626265653666666564353163636330366165383561
35636562643762323461613238303036343364353437303831663932386633626338386237326430
32313733393364313336656538383766643866616431363437666262376461303065373135343663
35316263656462613465656465646463373233613565343634396530303036656366366462636462
62376535393538346431323361613562376633393165323139313531346161623766376535373630
34333136653238356633646332303939653133326162383635343736656439306238636263373964
66363530616534353464346134396437353039636339633163653462356661666536373136643034
36396537643662333738666361653337393665666535343134653865326136366539373537336631
61363535363034626535313865306266326130373934363230313363356633353531373031623339
36303435636364623730353933323036636163323064303361333934373762633239366430643563
64373232366236626166376266653934303162393937346661363935323465633534353361313830
63336130633362303131343264616437626466663238623061336364303561343931326334376439
64646133373666366463316163303263336334303961656565393830376231343964663963306437
61633235656235656261333037393438653639396263386566373936396664383836643439373435
34663931656131363939623438633633313736306236646139653464343864653136343166616161
32646137633735336263653335366465396263663963616538666264653766373463326231393135
34633666623464646533626536393432333332366637353731393031313338383739626436393830
39393739396132646630633632393234393666333634666331633032633232353265383961343463
31386461313435613535656331656433656334653732366565336336346530366238363666613361
61356236643365663765333039616165323164396135616635396536366531306362643165333133
61373161616632666365326161376365316331343539346561303832653664363430353737613664
37363938326564616262626138326539393530303539306161326163316533613166323665373364
66333665306262316637393664653963316336323465643531636239316139323132306637343963
64346538393336623562373830386535643563636133353761323735653439636462626234383536
34383863646134343432353437353865323737636438633763636663656132613537666165616163
64666336653561336264316337623639306161623766396263353934366263393936386332373738
31316664653538643830366533373939313963386639633865356533383035346232386663333236
30643430313138616334316465383831653434333765643031393630316564306164373835336139
65316363623735336461653761373736343039396230343531363333636531383861316538616137
32303861336135623339383632366266363463386464616337613965383836386361396263313238
63336335653662396435316261633234313938613566303037313564626238333138346430373733
65646635303864366136623036373163353235363638343264633464333964333364383330313265
62386561393665643931613261363038326535313563336266393734343236343935633431333134
31343139653235626166393934316438653263636264373836393664336239383538356534643634
34343033386336353761306166636238326435383061303438623965666338323030333939643935
36303064343762326238323866616666343763646264643062326331633836393663396161623266
31633237313939323835636533303830326637626132333330363832366263343532626531633837
30616439353863666361666137653032303466353538393664643132616230633132663735366363
65383133383735323166346333633062326531653937366261356166393166353034646634386563
61376362363530653737333362313534313335306539663562663534353731363930653037316662
62363866356534636366383032316436613330373961333166333232346165663532383664646439
37326137363566313136306330316138646435363930343234313536346561376363333963333061
62336263633762646532353332636632353730303433643739636537636265353133313762376662
35656633626435653034393733346139343635633561636365373261613262306539323764666661
66626635636665353033353534646363316437313434393636656238343566393634373339613034
38346432643638393132396163333563393961333464393465613937623035356437363362623036
36356466346634373962346462323237313665356430333465656133376631343863613939646131
66393830613165616165
